$coord
          6.485618618797          4.678330107004          3.283223701827     c 
          5.084385266857          2.666272666176          2.241340696310     o 
          5.757929716027          1.782850056898         -0.122493309331     c 
          7.417644357205          2.935898236066         -1.781537081922     c 
          7.662150157964          1.989783139963         -4.226794536485     c 
          6.204828687083         -0.009028481685         -5.081849561147     c 
          4.573645879832         -1.173881342331         -3.393234955334     c 
          4.481964174538         -0.397941529271         -0.876965861685     c 
          2.286685271775         -2.284260906449          0.975352083912     p 
          4.509918967984         -4.976935012287          2.050257098727     c 
          6.268929187925         -6.026569063644          0.023933155215     c 
          6.058619604327         -3.810065976002          4.191821701106     c 
          2.800975041709         -7.054991815597          3.098861590349     c 
          0.478344339097          1.652312282656          1.570876111721     ir
         -2.447587803943          0.636921554414         -1.233400362102     p 
         -3.442338242010          2.725162087464         -3.980786506397     c 
         -4.450206657028          5.147289271841         -2.774505858018     c 
         -5.463195824023          1.540101059520         -5.660471304644     c 
         -1.054369814379          3.342066234101         -5.486135654431     c 
         -5.307997571362         -1.035182560566         -0.387814696724     c 
         -7.182782900951         -0.201130917266          1.267464633684     c 
         -6.908619164966          2.222245759389          2.074439482717     o 
         -8.609479945529          3.165050397290          3.898774440345     c 
         -9.130531132044         -1.835281125837          1.923766742358     c 
         -9.153147646972         -4.278976694879          0.967457025648     c 
         -7.257000018293         -5.161101657316         -0.599923605372     c 
         -5.306466436218         -3.524373016331         -1.239162524671     c 
         -3.348894842722         -4.269562333612         -2.705317616256     o 
         -1.438528652951         -2.396024289290         -2.981375301728     c 
          1.119531820774         -3.547236396175         -2.163089432830     c 
          2.990095388075         -3.087606471223         -4.047909438701     o 
          6.229597339840          6.425381431734          2.203170389824     h 
          5.774957672595          4.950797484193          5.196949332819     h 
          8.498239684562          4.210869619757          3.365321491139     h 
          8.487542336381          4.585670675267         -1.244083216085     h 
          8.961111007302          2.901342687326         -5.508557208789     h 
          6.314088947624         -0.648991577416         -7.013454840444     h 
          5.216572612361         -6.851205377948         -1.536937068687     h 
          7.461878371342         -7.497177902920          0.837485535754     h 
          7.492803728376         -4.552777564743         -0.728248374467     h 
          4.809943024763         -2.965744024035          5.596862657893     h 
          7.302698195875         -2.341590267692          3.461019488252     h 
          7.216840417519         -5.235567011326          5.122240231374     h 
          1.687741362696         -7.919157749900          1.599457341572     h 
          1.498655368713         -6.270552144474          4.489052378970     h 
          3.918353714784         -8.528127517989          4.004978073321     h 
         -4.914770978254          6.543035719071         -4.213932366066     h 
         -6.131149468327          4.749250641269         -1.664705423094     h 
         -3.027803123475          5.941139084472         -1.514468002839     h 
         -4.830605488036         -0.240351909491         -6.471633197919     h 
         -7.178320462410          1.181356952489         -4.583030110931     h 
         -5.922538458852          2.817892541906         -7.208636102579     h 
         -1.420549812741          4.857244803754         -6.829768318276     h 
          0.443107280347          3.947285019768         -4.204521815809     h 
         -0.371151757542          1.710275601034         -6.533575153626     h 
         -8.579923650347          2.019175210212          5.619066678149     h 
        -10.539511352585          3.252944515227          3.158960579296     h 
         -7.958382405170          5.068703896498          4.330859138958     h 
        -10.627925599448         -1.243186325505          3.172356771718     h 
        -10.681417734201         -5.528192028887          1.485773935184     h 
         -7.258125638845         -7.072456482540         -1.305546779353     h 
         -1.259630571049         -2.014200711497         -5.015438312296     h 
          0.840291834347         -5.599880459338         -2.092095239693     h 
$end
