    0.02346370
   -0.39572961
    0.10675668
   -0.04732340
   -0.03845088
   -0.04557764
    0.11354688
   -0.02297573
    0.03910331
   -0.01620759
   -0.07410485
   -0.07573238
   -0.07456462
    0.22364845
    0.04154726
   -0.01448197
   -0.07382672
   -0.07385997
   -0.07393516
   -0.02861244
    0.09264820
   -0.38672247
    0.02050293
   -0.04684336
   -0.03895114
   -0.04684020
    0.10996001
   -0.38696027
    0.05984008
    0.06105144
   -0.38793987
    0.04818402
    0.03975858
    0.03981198
    0.04701358
    0.04068148
    0.05884630
    0.04844818
    0.03764091
    0.04733612
    0.03717956
    0.03763571
    0.06518640
    0.04188280
    0.03513607
    0.03756436
    0.03704296
    0.05111794
    0.04151017
    0.05640546
    0.04974333
    0.03725418
    0.03753433
    0.03668877
    0.03984155
    0.04178985
    0.04732455
    0.03925001
    0.04690992
    0.04040824
    0.05744199
    0.06882470
    0.06617733
