           1           2  0.976084944139774     
           2           3   1.06502665577169     
           3           4   1.37678689912111     
           4           5   1.42024681335315     
           5           6   1.44874810269148     
           6           7   1.35256489551224     
           3           8   1.31510178168525     
           7           8   1.32226593007659     
           8           9  0.993585924725844     
           9          10  0.889405892704451     
          10          11  0.994704777056414     
          10          12  0.991867695939621     
          10          13  0.992508179663554     
           9          14   1.29246373850457     
          14          15  0.875538381827006     
          15          16  0.856113021986167     
          16          17  0.994627301274563     
          16          18  0.997437447141976     
          16          19  0.995682887774872     
          14          20  0.101387026383667     
          15          20  0.997252101170819     
          20          21   1.30905994578691     
          14          22  0.182480197969454     
          21          22   1.01305769620727     
          22          23  0.974725235541373     
          21          24   1.40462189107837     
          24          25   1.39713825590749     
          25          26   1.44438348791956     
          20          27   1.30254610163143     
          26          27   1.36486064440571     
          27          28   1.05878019318307     
          15          29  0.930354241478403     
          28          29  0.953810062667563     
           9          30  0.890982574284944     
          29          30  0.961005558333189     
           7          31   1.06961759200401     
          30          31  0.956295541405190     
           1          32  0.979103504299843     
           1          33  0.976400146311912     
           1          34  0.977030409842323     
           4          35  0.965111135111438     
           5          36  0.970560764822406     
           6          37  0.967166354431304     
          11          38  0.977324075432193     
          11          39  0.979397715718320     
          11          40  0.979447377380583     
          12          41  0.980385142478647     
          12          42  0.970751976075066     
          12          43  0.975595288221773     
          13          44  0.977219897717509     
          13          45  0.967937432184992     
          13          46  0.979690161537734     
          17          47  0.980409754184380     
          17          48  0.979628093894507     
          17          49  0.975374304804190     
          18          50  0.980911057840525     
          18          51  0.980498918049797     
          18          52  0.978084199020992     
          19          53  0.979931993548793     
          19          54  0.975927580649711     
          19          55  0.978028364883965     
          23          56  0.978230723449387     
          23          57  0.979151704786184     
          23          58  0.977022578392257     
          24          59  0.965504223417957     
          25          60  0.971452207397468     
          26          61  0.967201825326668     
          29          62  0.940903736224772     
          30          63  0.934209076424950     
