$coord
          4.088715056652         -5.254562516348         -3.171416195397     c 
          3.548259864946         -3.156599194191         -1.594996889700     o 
          5.233330723433         -2.596006453868          0.337279256482     c 
          7.124564975071         -4.238367403391          1.106143645515     c 
          8.788417182174         -3.547373197216          3.014574383072     c 
          8.606797912291         -1.198741790038          4.166236534427     c 
          6.703442218587          0.407047786029          3.409567519398     c 
          5.026169780614         -0.229452756719          1.541525897390     c 
          2.535163862483          1.914101205142          0.515847554560     p 
          4.337309806737          4.592601554723         -0.936126886669     c 
          5.827680258029          3.556495481117         -3.182546465432     c 
          6.073254656105          5.757065450054          1.044426229691     c 
          2.365317999681          6.507470279619         -1.813155558876     c 
          0.193908524905         -0.758631203276         -1.805047074018     ir
         -3.116643916445          1.438823723642         -0.437408365205     p 
         -6.001597421817          2.787899507057         -2.039415008687     c 
         -6.930266191144          0.726404169937         -3.835569265769     c 
         -8.060917948742          3.505227934587         -0.155146524815     c 
         -5.109780105819          5.092932364100         -3.531438562005     c 
         -4.286788809103         -0.899438798069          1.726898143167     c 
         -4.333495399632         -3.487367768600          1.295706450614     c 
         -3.419720862911         -4.209955192330         -1.019598410181     o 
         -3.523700355907         -6.803705147118         -1.657906228435     c 
         -5.170513886783         -5.051063973157          3.227869764850     c 
         -5.806273458727         -3.985185162907          5.547123911749     c 
         -5.509363530852         -1.435250054585          6.060273302938     c 
         -4.647406816385          0.120442966124          4.127350468537     c 
         -4.095591004043          2.601255131787          4.364020226984     o 
         -2.433658373756          3.434745555015          2.401811435548     c 
          0.382242981870          3.273890792662          3.429353514170     c 
          1.253284156995          5.328577266718          4.343208077195     o 
          2.759963117652         -5.177007884466         -4.744772891602     h 
          3.838288860334         -7.039508738716         -2.155756799527     h 
          6.015593694635         -5.140256598706         -3.910237073679     h 
          7.335792378153         -6.076176835906          0.248051101440     h 
         10.237554629804         -4.865416106316          3.597206387327     h 
          9.922555797844         -0.663521207809          5.634399040881     h 
          7.278443586559          2.244899383621         -2.543057281978     h 
          6.745284019007          5.093528902773         -4.196575463390     h 
          4.559607248240          2.572646150366         -4.475281989819     h 
          4.938852326912          6.456540373447          2.612249740663     h 
          7.151890272269          7.310369908752          0.232585403046     h 
          7.379140912253          4.346029831100          1.792051967237     h 
          3.270522265450          8.105397368738         -2.740418830167     h 
          1.325247353977          7.200732621050         -0.179919112170     h 
          1.049614105111          5.620523473552         -3.124450353743     h 
         -8.466698357938          1.432089386267         -5.007363102867     h 
         -5.394516610559          0.113939170402         -5.064880803268     h 
         -7.612343965801         -0.900034277550         -2.776456716413     h 
         -8.677261113223          1.865493795028          0.926149332645     h 
         -7.400283371398          4.937879919103          1.163654435945     h 
         -9.689181982423          4.263226963494         -1.161455512846     h 
         -4.359265985088          6.533916255774         -2.269125221859     h 
         -6.671420266056          5.909454320467         -4.593128018010     h 
         -3.627490945284          4.551392075502         -4.852522354797     h 
         -5.461345187811         -7.512158825003         -1.551802628858     h 
         -2.308678127628         -7.931759016062         -0.421485791547     h 
         -2.858536980784         -6.946122875726         -3.600065915342     h 
         -5.297605131218         -7.071186162081          2.995403750343     h 
         -6.466338090945         -5.216578109384          7.034548441103     h 
         -5.871685854188         -0.675542322246          7.915333382995     h 
         -2.823879625893          5.446075040148          2.116276703387     h 
          0.451353870724          1.569690409599          4.700047179276     h 
$end
