    0.00149508
   -0.32749082
    0.07577661
   -0.03464174
   -0.03584077
    0.03183466
   -0.24042604
    0.04752508
    0.04121185
   -0.01118995
   -0.08079942
   -0.07640880
   -0.07551571
    0.26922195
    0.02870005
   -0.01585698
   -0.07474584
   -0.07461516
   -0.07464295
   -0.02427823
    0.10451471
   -0.39088393
    0.02189217
   -0.04528073
   -0.03608624
   -0.04540872
    0.11604344
   -0.37461357
    0.05449957
    0.14364370
   -0.49968334
    0.04845072
    0.04610624
    0.04864484
    0.05025881
    0.04505148
    0.04682224
    0.09347649
    0.04311552
    0.06908807
    0.03033728
    0.04203926
    0.06236574
    0.04168546
    0.03772122
    0.04955885
    0.03791652
    0.03401140
    0.04174311
    0.04392802
    0.05513963
    0.04148956
    0.05864660
    0.05397440
    0.04195255
    0.05360488
    0.04632062
    0.04843691
    0.05197995
    0.04632370
    0.06386886
    0.06793842
    0.06005272
