           1           2  0.954850351282218     
           2           3  0.988990695701397     
           3           4   1.40635224775611     
           4           5   1.41598968798592     
           5           6   1.42339999354209     
           6           7   1.41535186396924     
           3           8   1.28207672639441     
           7           8   1.42577170920304     
           8           9  0.963877022069198     
           9          10  0.900711551328050     
          10          11  0.989292176585510     
          10          12  0.988142981716147     
          10          13  0.988648818939261     
           2          14  0.344351138865374     
           9          14   1.16765070369644     
          14          15   1.05149519637252     
          15          16  0.887212652671300     
          16          17  0.990045373436276     
          16          18  0.989637151177313     
          16          19  0.991681496732026     
          15          20  0.999815023424613     
          20          21   1.33079342929654     
          14          22  0.143730877587449     
          21          22   1.03776419911694     
          22          23  0.966330932118948     
          21          24   1.38293648281203     
          24          25   1.41579270537977     
          25          26   1.45339280212378     
          20          27   1.31003487547919     
          26          27   1.35214555302995     
          27          28   1.08343399051873     
          15          29  0.943624428930438     
          28          29  0.946546921967702     
           9          30  0.677707561783325     
          29          30  0.880185167953469     
           9          31  0.141914711234814     
          30          31   1.34241664972128     
           1          32  0.975808787863087     
           1          33  0.976200014334378     
           1          34  0.968856401227965     
           4          35  0.960202615692715     
           5          36  0.964762538847093     
           6          37  0.963704777011714     
          11          38  0.969012521429205     
          11          39  0.976838195988187     
          11          40  0.958246522104756     
          12          41  0.967843723269334     
          12          42  0.979582170064394     
          12          43  0.974323294900667     
          13          44  0.979101046321152     
          13          45  0.968050652802152     
          13          46  0.979667372126494     
          17          47  0.974613502339716     
          17          48  0.972113848286962     
          17          49  0.978520093690573     
          18          50  0.969054601463753     
          18          51  0.977947835568899     
          18          52  0.978534547788877     
          19          53  0.977477366962095     
          19          54  0.977871995665378     
          19          55  0.977358732071663     
          23          56  0.978415495075160     
          23          57  0.977749055999750     
          23          58  0.977670419126270     
          24          59  0.964821468773486     
          25          60  0.970072685449294     
          26          61  0.966595630511861     
          29          62  0.944498820822892     
          30          63  0.903290608481420     
