$coord
          3.526173091981          6.799411408948          1.668288099908     c 
          3.420187919262          4.207161295631          1.024614367216     o 
          4.331049093644          3.488701027138         -1.293188941263     c 
          5.165039079155          5.055775364006         -3.223804064067     c 
          5.797397795211          3.993805748569         -5.545828940193     c 
          5.500713920889          1.444591603955         -6.062602352943     c 
          4.642244407857         -0.114586501317         -4.130878984104     c 
          4.284283373401          0.901384898512         -1.728455881116     c 
          3.116275270596         -1.439900370813          0.433643699278     p 
          6.002470840678         -2.787297621217          2.034326085743     c 
          5.110099033356         -5.086316153684          3.535324372215     c 
          6.936152532329         -0.721110913950          3.822528900051     c 
          8.058162272695         -3.512881833584          0.149308058702     c 
         -0.193704845329          0.755771385755          1.805792486246     ir
         -2.535420478575         -1.913787004566         -0.518025983959     p 
         -4.334576315505         -4.592836670646          0.936437949545     c 
         -2.360819305614         -6.512077324336          1.799932466864     c 
         -5.811025652916         -3.557294001069          3.192324857270     c 
         -6.082649417135         -5.751892105303         -1.036503529271     c 
         -5.026081026611          0.231158986310         -1.541097086825     c 
         -5.232264034551          2.596752269740         -0.334758610187     c 
         -3.548601553476          3.153382995520          1.599848676037     o 
         -4.085540431197          5.252992309420          3.175293029220     c 
         -7.120828434691          4.241811218985         -1.104130486068     c 
         -8.783632184799          3.553885409211         -3.014628147287     c 
         -8.603563339815          1.205859213225         -4.167660784592     c 
         -6.702290016960         -0.402671615368         -3.411190912474     c 
         -1.255965816067         -5.334477933727         -4.338985855515     o 
         -0.384546725421         -3.277013065527         -3.431942432485     c 
          2.432972462573         -3.433453677696         -2.407746051106     c 
          4.091563013120         -2.595459678105         -4.370593607707     o 
          2.861392584783          6.938154008167          3.610861699915     h 
          5.464368426187          7.506648519817          1.563480633125     h 
          2.311841194385          7.931114726850          0.434548832654     h 
          5.292130343810          7.075529821897         -2.988136930714     h 
          6.454907577094          5.227823155137         -7.032213523499     h 
          5.860816120103          0.688029972414         -7.919380809561     h 
          6.670320013751         -5.896200477700          4.604105742563     h 
          4.363513523427         -6.533731697768          2.278107618608     h 
          3.624571834020         -4.539830912991          4.850806979499     h 
          5.405168069580         -0.108149661987          5.057389128928     h 
          7.611493613123          0.903973557178          2.757052156587     h 
          8.478784720455         -1.422398884638          4.988791721889     h 
          7.392872111700         -4.945995941322         -1.166616445877     h 
          9.685503872370         -4.273345616174          1.155260379291     h 
          8.677359738209         -1.876292411923         -0.935006943231     h 
         -1.330529972131         -7.203694030050          0.159814192318     h 
         -3.263428998820         -8.110380947209          2.728973625586     h 
         -1.036967449244         -5.629354412546          3.105815325851     h 
         -4.534420964914         -2.573938987477          4.477217339422     h 
         -7.265439474289         -2.245136747940          2.562349495139     h 
         -6.722360871478         -5.094420674464          4.211800054674     h 
         -7.161569284553         -7.302404239744         -0.219900084709     h 
         -4.957162773963         -6.454383630733         -2.609261127358     h 
         -7.388348243082         -4.337739275304         -1.777990694271     h 
         -6.014420235858          5.145059162595          3.909680084704     h 
         -3.826751173888          7.037161789605          2.160365678034     h 
         -2.760753835492          5.170535382605          4.751738352854     h 
         -7.330777835389          6.079358234139         -0.245157240884     h 
        -10.230629396660          4.873974672305         -3.597954138090     h 
         -9.918391323731          0.673463656205         -5.637724873892     h 
         -0.456785507752         -1.576143589201         -4.706560020550     h 
          2.826544256456         -5.444454647012         -2.124096299981     h 
$end
