    0.02187943
   -0.39080487
    0.10443543
   -0.04526496
   -0.03609053
   -0.04541960
    0.11600899
   -0.02431259
    0.02872228
   -0.01584534
   -0.07462245
   -0.07464727
   -0.07476199
    0.26921106
    0.04161835
   -0.01117919
   -0.07653899
   -0.07548644
   -0.08061445
    0.04749223
    0.07586143
   -0.32765760
    0.00158314
   -0.03466416
   -0.03584778
    0.03182948
   -0.24028623
   -0.49986802
    0.14333956
    0.05449075
   -0.37486055
    0.04630032
    0.04837349
    0.05354726
    0.05197532
    0.04630111
    0.06382763
    0.04148095
    0.04377372
    0.05518882
    0.04193493
    0.05386744
    0.05876411
    0.03798822
    0.03411650
    0.04174049
    0.06384814
    0.04202471
    0.03032888
    0.03752253
    0.04947246
    0.04167725
    0.04311947
    0.09316094
    0.06813235
    0.04871406
    0.04612084
    0.04841791
    0.05019347
    0.04502739
    0.04683921
    0.06044446
    0.06807647
