           1           2  0.966297952452353     
           2           3   1.03758294515204     
           3           4   1.38305047497813     
           4           5   1.41575523805376     
           5           6   1.45343571284406     
           6           7   1.35217076193041     
           3           8   1.33077294076291     
           7           8   1.31010146034096     
           8           9  0.999751089772613     
           9          10  0.887060376468015     
          10          11  0.989680138361656     
          10          12  0.991659360570079     
          10          13  0.990100281832809     
           2          14  0.144281096836358     
           9          14   1.05014100714837     
          14          15   1.16748436864871     
          15          16  0.901073095348983     
          16          17  0.988097176113509     
          16          18  0.988587901817663     
          16          19  0.989265018940365     
          15          20  0.963599374792562     
          20          21   1.28166803964534     
          14          22  0.343332630119064     
          21          22  0.989365794246358     
          22          23  0.954997626707332     
          21          24   1.40659152089759     
          24          25   1.41553884116056     
          25          26   1.42389927434589     
          20          27   1.42620506829520     
          26          27   1.41491369499941     
          15          28  0.141773670046832     
          15          29  0.678975067295314     
          28          29   1.34092837730828     
           9          30  0.943479245862988     
          29          30  0.880096997643155     
           7          31   1.08327990673035     
          30          31  0.946670016036234     
           1          32  0.977756127650846     
           1          33  0.977651100764946     
           1          34  0.978399664989921     
           4          35  0.964819134947520     
           5          36  0.970066424638897     
           6          37  0.966595233967641     
          11          38  0.978535593713315     
          11          39  0.968941126950716     
          11          40  0.977948355370277     
          12          41  0.977357408551469     
          12          42  0.977848263301737     
          12          43  0.977492361098775     
          13          44  0.974553556930769     
          13          45  0.972400491563107     
          13          46  0.978508052504047     
          17          47  0.974109342653155     
          17          48  0.979593503500269     
          17          49  0.967663084483031     
          18          50  0.967393208572522     
          18          51  0.979604748246383     
          18          52  0.979079429033445     
          19          53  0.976946078625541     
          19          54  0.969155393162662     
          19          55  0.960452878837881     
          23          56  0.968952457793400     
          23          57  0.976126038893656     
          23          58  0.975822612119156     
          24          59  0.960179106359971     
          25          60  0.964769977617336     
          26          61  0.963701883511597     
          29          62  0.903680126666528     
          30          63  0.944435244050408     
