$coord
         -8.631809287308         -3.169700368077          3.878487465618     c 
         -6.920392165189         -2.223226842552          2.065828359858     o 
         -7.188829611272          0.202333790193          1.263440081874     c 
         -9.135995768223          1.837369722199          1.919532275820     c 
         -9.154276494043          4.283189484748          0.968767859942     c 
         -7.254747769774          5.166110161461         -0.593961655306     c 
         -5.305082562694          3.528419983693         -1.233302257357     c 
         -5.309652050997          1.037600543153         -0.386441424562     c 
         -2.448915772382         -0.634648132083         -1.231908284759     p 
         -3.443371610866         -2.717701085266         -3.983481686080     c 
         -5.455673023629         -1.525434113514         -5.668454179985     c 
         -4.462561266333         -5.137886563569         -2.782919466532     c 
         -1.052304629454         -3.340161248426         -5.481454236148     c 
          0.477738591413         -1.655640964428          1.569719032333     ir
          2.289010855266          2.280012387154          0.980271122006     p 
          4.513621971965          4.970412786067          2.058798258829     c 
          2.804919450053          7.042657766511          3.119345220541     c 
          6.069769002168          3.797929974731          4.191812043095     c 
          6.265939957246          6.029736823914          0.031624529935     c 
          4.484300800643          0.398005768048         -0.875874538524     c 
          5.761568864089         -1.783549327687         -0.125714848934     c 
          5.083522173081         -2.675780648624          2.233342806530     o 
          6.476430535394         -4.698343381573          3.265922997901     c 
          7.427390079838         -2.927725749780         -1.784742089069     c 
          7.676076064002         -1.972376022923         -4.226045091015     c 
          6.215998468075          0.025595721177         -5.078305800215     c 
          4.578614212750          1.181743871231         -3.389530888194     c 
          2.992203110731          3.093916977271         -4.041183693532     o 
          1.121665426440          3.549512298393         -2.155126906625     c 
         -1.436776106744          2.400517404508         -2.975089563561     c 
         -3.345503194903          4.275014794853         -2.696059861491     o 
         -8.609086023840         -2.030050220979          5.602978202238     h 
        -10.558207999905         -3.251878335059          3.128720698240     h 
         -7.985989414587         -5.075912117236          4.307102172720     h 
        -10.636431490272          1.244165178413          3.163934904157     h 
        -10.682032789353          5.532919492610          1.487293062064     h 
         -7.252465420188          7.078641921234         -1.296343470428     h 
         -7.171510327560         -1.158544196325         -4.594963462338     h 
         -4.814112238496          0.251441300596         -6.480158084079     h 
         -5.917120810142         -2.802762234341         -7.216346550303     h 
         -4.919283967909         -6.533589712264         -4.224925318030     h 
         -3.050123382286         -5.933260055241         -1.512679723804     h 
         -6.150580754925         -4.737160845120         -1.684970606069     h 
          0.437368763352         -3.956708528443         -4.196120900206     h 
         -1.419986524931         -4.848698829765         -6.832111189547     h 
         -0.357427201993         -1.707555194454         -6.519995530420     h 
          1.517082899972          6.254454613753          4.520609565120     h 
          3.923714647905          8.521062681718          4.014942213692     h 
          1.676180026141          7.900884528749          1.628180888952     h 
          4.826181572126          2.946517728105          5.597062325203     h 
          7.228529648647          5.221589734600          5.124437424616     h 
          7.313937378564          2.334082117399          3.452002606272     h 
          7.485472930564          4.559236246660         -0.733821952780     h 
          7.463682350409          7.494223092844          0.849121525933     h 
          5.208569378435          6.864810882652         -1.520228984707     h 
          6.217728616494         -6.437627107408          2.174025212648     h 
          5.760273302938         -4.980808881319          5.176158312812     h 
          8.490191428294         -4.237583871612          3.355979266380     h 
          8.499686420577         -4.577011495732         -1.250607092981     h 
          8.980927586344         -2.876170305769         -5.507362631758     h 
          6.328569365585          0.671896502129         -7.007608813160     h 
          0.842628056429          5.602057233903         -2.079874143118     h 
         -1.258012615659          2.021265032250         -5.009667857799     h 
$end
