    0.02347629
   -0.39569464
    0.10678257
   -0.04731805
   -0.03844830
   -0.04556739
    0.11356830
   -0.02297228
    0.03913324
   -0.01621972
   -0.07408695
   -0.07569364
   -0.07457189
    0.22364096
    0.04155763
   -0.01449242
   -0.07393462
   -0.07380345
   -0.07384189
   -0.02861887
    0.09264213
   -0.38670070
    0.02049727
   -0.04684023
   -0.03895220
   -0.04684096
    0.10996754
   -0.38697264
    0.05985930
    0.06104770
   -0.38795651
    0.03980471
    0.03975858
    0.04817846
    0.04701415
    0.04068470
    0.05885239
    0.04736333
    0.04825914
    0.03765141
    0.03717103
    0.03762286
    0.06510927
    0.03514460
    0.03756987
    0.04196831
    0.03669161
    0.03753494
    0.03985864
    0.05100609
    0.04156363
    0.03704076
    0.04978973
    0.03725213
    0.05627669
    0.03928825
    0.04733599
    0.04178655
    0.04692423
    0.04041123
    0.05745208
    0.06885762
    0.06613146
