           1           2  0.976108808327107     
           2           3   1.06510140900319     
           3           4   1.37681907977932     
           4           5   1.42018154858669     
           5           6   1.44878312481108     
           6           7   1.35253534104201     
           3           8   1.31495692902708     
           7           8   1.32210585266297     
           8           9  0.993715750652864     
           9          10  0.889437709029867     
          10          11  0.994752647074093     
          10          12  0.991887461274957     
          10          13  0.992471918628011     
           9          14   1.29259007515991     
          14          15  0.875168813578249     
          15          16  0.856160056145006     
          16          17  0.995653587910166     
          16          18  0.994620099052771     
          16          19  0.997427576684962     
          14          20  0.101520628644492     
          15          20  0.997299290156096     
          20          21   1.30903752104308     
          14          22  0.182599629354932     
          21          22   1.01302194087192     
          22          23  0.974663226336240     
          21          24   1.40463859821105     
          24          25   1.39716291217231     
          25          26   1.44428198734672     
          20          27   1.30239424751155     
          26          27   1.36491537108818     
          27          28   1.05887060558190     
          15          29  0.930420794839568     
          28          29  0.953812354891335     
           9          30  0.890878921671965     
          29          30  0.961057671350668     
           7          31   1.06968706979431     
          30          31  0.956288210027565     
           1          32  0.977019048209601     
           1          33  0.976390429969630     
           1          34  0.979103162358403     
           4          35  0.965105748284372     
           5          36  0.970560234256392     
           6          37  0.967164187488639     
          11          38  0.979414884272459     
          11          39  0.977357936787558     
          11          40  0.979396030533864     
          12          41  0.980383971516460     
          12          42  0.970492127275525     
          12          43  0.975705541137513     
          13          44  0.967795279875131     
          13          45  0.979682458427089     
          13          46  0.977202132034116     
          17          47  0.975995899760640     
          17          48  0.979931081455802     
          17          49  0.977944032757961     
          18          50  0.979704066345012     
          18          51  0.975263426634917     
          18          52  0.980425294079345     
          19          53  0.980478714926013     
          19          54  0.978081530677185     
          19          55  0.980916990930458     
          23          56  0.977035069592656     
          23          57  0.979152728549218     
          23          58  0.978254477763464     
          24          59  0.965525426982255     
          25          60  0.971458116353543     
          26          61  0.967201503125477     
          29          62  0.940830592302087     
          30          63  0.934205354000693     
